2 0.8879807692307693 0.84375 0.16442307692307692 0.30432692307692305
0 0.428525641025641 0.43173076923076925 0.06923076923076923 0.15
0 0.4573717948717949 0.5536057692307692 0.17243589743589743 0.3033653846153846
0 0.5703525641025641 0.49350961538461535 0.05993589743589744 0.10961538461538461
0 0.6086538461538462 0.5300480769230769 0.046153846153846156 0.10817307692307693
0 0.18044871794871795 0.4424278846153846 0.08141025641025641 0.17572115384615383
2 0.717948717948718 0.14915865384615384 0.0391025641025641 0.056490384615384616
2 0.8873397435897435 0.13569711538461537 0.08301282051282051 0.11274038461538462
2 0.534775641025641 0.1674278846153846 0.19326923076923078 0.33389423076923075
2 0.7487179487179487 0.046634615384615385 0.03205128205128205 0.03894230769230769
