0 0.4392628205128205 0.6948317307692308 0.2201923076923077 0.28197115384615384
2 0.07532051282051282 0.7828125 0.15 0.10168269230769231
2 0.32724358974358975 0.3998798076923077 0.06538461538461539 0.05889423076923077
2 0.5905448717948718 0.3700721153846154 0.10352564102564103 0.2141826923076923
2 0.7072115384615384 0.09483173076923078 0.13557692307692307 0.05264423076923077
2 0.934775641025641 0.1141826923076923 0.07403846153846154 0.14086538461538461
2 0.5761217948717948 0.7778846153846154 0.06570512820512821 0.16826923076923078
2 0.6254807692307692 0.12379807692307693 0.04262820512820513 0.0673076923076923
2 0.6291666666666667 0.06850961538461539 0.03205128205128205 0.020673076923076922
0 0.33990384615384617 0.07055288461538461 0.027243589743589744 0.04639423076923077
