2 0.5847756410256411 0.17127403846153846 0.09455128205128205 0.196875
2 0.06282051282051282 0.4254807692307693 0.12243589743589743 0.23509615384615384
1 0.5024038461538461 0.41874999999999996 0.24455128205128204 0.325
0 0.592948717948718 0.5811298076923076 0.1391025641025641 0.10600961538461538
2 0.3267628205128205 0.3816105769230769 0.2644230769230769 0.2420673076923077
2 0.31169871794871795 0.7266826923076922 0.09519230769230769 0.14807692307692308
2 0.2586538461538461 0.7004807692307692 0.04487179487179487 0.12259615384615384
2 0.2360576923076923 0.5348557692307693 0.03621794871794872 0.05096153846153846
0 0.28669871794871793 0.5705528846153847 0.0625 0.065625
2 0.6905448717948718 0.41983173076923075 0.06826923076923076 0.084375
2 0.4030448717948718 0.22560096153846154 0.09006410256410256 0.042548076923076925
