2 0.10544871794871795 0.18064903846153846 0.0891025641025641 0.17475961538461537
2 0.1980769230769231 0.25348557692307694 0.06987179487179487 0.14735576923076923
2 0.2485576923076923 0.3493990384615384 0.11826923076923077 0.18677884615384616
2 0.5668269230769231 0.4467548076923077 0.061217948717948716 0.08629807692307692
2 0.6217948717948717 0.4418269230769231 0.025 0.08509615384615385
2 0.10480769230769231 0.7991586538461538 0.11923076923076924 0.15504807692307693
2 0.7931089743589743 0.4103365384615385 0.14711538461538462 0.2403846153846154
1 0.9360576923076923 0.4248798076923077 0.12724358974358974 0.26129807692307694
2 0.6767628205128206 0.7217548076923077 0.06570512820512821 0.09399038461538461
2 0.5354166666666667 0.7381009615384615 0.05673076923076923 0.10504807692307692
2 0.5855769230769231 0.6272836538461538 0.07243589743589744 0.11033653846153846
2 0.6623397435897436 0.5491586538461538 0.07724358974358975 0.04591346153846154
2 0.43862179487179487 0.8743990384615384 0.038141025641025644 0.07427884615384615
2 0.367948717948718 0.901201923076923 0.03076923076923077 0.05576923076923077
2 0.4080128205128205 0.7823317307692307 0.052564102564102565 0.09735576923076923
2 0.6491987179487179 0.7397836538461539 0.02467948717948718 0.046875
2 0.8036858974358974 0.2748798076923077 0.02980769230769231 0.023798076923076922
2 0.749198717948718 0.3486778846153846 0.07147435897435897 0.04014423076923077
