2 0.6317307692307693 0.43293269230769227 0.1673076923076923 0.35625
1 0.7453525641025641 0.38377403846153846 0.13557692307692307 0.23389423076923077
0 0.2636217948717949 0.5805288461538461 0.0842948717948718 0.14182692307692307
2 0.707852564102564 0.7635817307692307 0.0842948717948718 0.14302884615384615
2 0.49038461538461536 0.7280048076923077 0.10064102564102564 0.153125
2 0.7799679487179487 0.7493990384615384 0.07724358974358975 0.11033653846153846
2 0.20368589743589743 0.4481971153846154 0.061217948717948716 0.14639423076923078
1 0.10785256410256411 0.5322115384615385 0.03493589743589744 0.0798076923076923
1 0.6629807692307692 0.7013221153846153 0.017628205128205128 0.062259615384615385
2 0.5584935897435898 0.03737980769230769 0.06570512820512821 0.07427884615384615
2 0.7854166666666667 0.2575721153846154 0.052243589743589745 0.090625
