2 0.4293269230769231 0.5272836538461538 0.21121794871794872 0.34302884615384616
0 0.592948717948718 0.5435096153846154 0.027564102564102563 0.058653846153846154
2 0.729326923076923 0.5748798076923077 0.14711538461538462 0.08389423076923076
2 0.9392628205128205 0.8442307692307692 0.047115384615384615 0.03125
2 0.7224358974358974 0.7854567307692307 0.021153846153846155 0.030048076923076924
2 0.7123397435897436 0.8199519230769231 0.014423076923076924 0.026442307692307692
2 0.4440705128205128 0.809735576923077 0.008653846153846154 0.01706730769230769
2 0.6798076923076923 0.7046875 0.015384615384615385 0.025721153846153845
2 0.6674679487179487 0.6830528846153846 0.01955128205128205 0.04879807692307692
2 0.7366987179487179 0.6943509615384615 0.0125 0.018990384615384614
2 0.6929487179487179 0.7104567307692308 0.019230769230769232 0.023798076923076922
0 0.9142628205128206 0.3079326923076923 0.041987179487179484 0.04951923076923077
