2 0.08733974358974358 0.6673076923076923 0.11698717948717949 0.2
2 0.16041666666666665 0.7122596153846154 0.10801282051282052 0.15432692307692308
2 0.05048076923076923 0.5899038461538462 0.09455128205128205 0.18269230769230768
2 0.36362179487179486 0.6484375 0.06570512820512821 0.09831730769230769
2 0.3948717948717949 0.6979567307692307 0.04935897435897436 0.042548076923076925
2 0.5666666666666667 0.6899038461538461 0.046153846153846156 0.04567307692307692
2 0.9166666666666667 0.2455528846153846 0.16602564102564102 0.35504807692307694
2 0.6142628205128204 0.3487980769230769 0.13557692307692307 0.12884615384615383
2 0.7903846153846154 0.3467548076923077 0.05128205128205128 0.10072115384615385
2 0.6860576923076923 0.544951923076923 0.014423076923076924 0.027884615384615386
2 0.628525641025641 0.5697115384615384 0.01987179487179487 0.02451923076923077
