2 0.35352564102564105 0.16610576923076922 0.05961538461538462 0.1125
2 0.3043269230769231 0.44302884615384613 0.10801282051282052 0.1639423076923077
2 0.25993589743589746 0.4373798076923077 0.04807692307692308 0.10072115384615385
2 0.13782051282051283 0.5893028846153846 0.07115384615384615 0.12235576923076923
2 0.7860576923076923 0.6949519230769231 0.04519230769230769 0.06442307692307692
2 0.8086538461538461 0.670673076923077 0.029487179487179487 0.04903846153846154
2 0.561698717948718 0.8129807692307692 0.03621794871794872 0.06009615384615385
2 0.47804487179487176 0.8537259615384616 0.040705128205128206 0.037259615384615384
2 0.09487179487179487 0.8359375 0.046794871794871795 0.06658653846153846
2 0.08060897435897435 0.8741586538461538 0.03942307692307692 0.062259615384615385
2 0.1823717948717949 0.8848557692307693 0.04358974358974359 0.07307692307692308
2 0.22227564102564104 0.912860576923077 0.013141025641025641 0.05889423076923077
2 0.1955128205128205 0.9141826923076923 0.03076923076923077 0.07211538461538461
2 0.32916666666666666 0.9653846153846154 0.029487179487179487 0.05673076923076923
2 0.38990384615384616 0.9199519230769231 0.01891025641025641 0.025
2 0.2586538461538462 0.9186298076923077 0.017948717948717947 0.030528846153846153
2 0.24423076923076922 0.8960336538461539 0.021153846153846155 0.031971153846153844
2 0.2998397435897436 0.8305288461538461 0.032371794871794875 0.008173076923076924
