2 0.7086538461538461 0.6323317307692308 0.07371794871794872 0.10504807692307692
2 0.8798076923076923 0.5287259615384615 0.060897435897435896 0.08629807692307692
2 0.5653846153846155 0.6698317307692307 0.032692307692307694 0.018509615384615385
2 0.5759615384615384 0.6592548076923077 0.021794871794871794 0.007932692307692307
2 0.4979166666666667 0.6135817307692307 0.07916666666666666 0.09927884615384615
2 0.4416666666666667 0.5566105769230769 0.05448717948717949 0.042548076923076925
2 0.39487179487179486 0.557451923076923 0.03333333333333333 0.06057692307692308
2 0.3886217948717948 0.5518028846153846 0.013782051282051282 0.030528846153846153
2 0.35224358974358977 0.5605769230769231 0.05448717948717949 0.0875
2 0.33044871794871794 0.5241586538461538 0.058333333333333334 0.065625
2 0.7536858974358974 0.6092548076923078 0.011858974358974358 0.026682692307692307
2 0.7384615384615385 0.46478365384615383 0.04551282051282051 0.030048076923076924
2 0.7366987179487179 0.41057692307692306 0.0733974358974359 0.04567307692307692
2 0.6778846153846153 0.4109375 0.01987179487179487 0.01658653846153846
2 0.10112179487179487 0.31045673076923075 0.03621794871794872 0.05360576923076923
2 0.3030448717948718 0.32247596153846153 0.015064102564102564 0.023798076923076922
2 0.29615384615384616 0.3367788461538462 0.021794871794871794 0.026442307692307692
2 0.33605769230769234 0.3111778846153846 0.01826923076923077 0.026201923076923078
2 0.6998397435897435 0.3323317307692308 0.020833333333333332 0.017548076923076923
2 0.7198717948717949 0.3387019230769231 0.021153846153846155 0.01875
2 0.7128205128205128 0.3461538461538462 0.008974358974358974 0.016826923076923076
2 0.6955128205128205 0.3449519230769231 0.01730769230769231 0.014423076923076924
2 0.7104166666666667 0.3811298076923077 0.008012820512820512 0.019471153846153846
2 0.7391025641025641 0.34915865384615385 0.007051282051282051 0.013701923076923077
2 0.7341346153846153 0.2966346153846154 0.011858974358974358 0.01730769230769231
2 0.12419871794871795 0.43689903846153844 0.017628205128205128 0.023798076923076922
