2 0.4705128205128205 0.2887019230769231 0.07884615384615384 0.01971153846153846
2 0.8355769230769231 0.2899038461538462 0.12371794871794872 0.21009615384615385
2 0.7217948717948718 0.3747596153846154 0.11217948717948718 0.2110576923076923
2 0.8248397435897435 0.3966346153846154 0.08173076923076923 0.08653846153846154
2 0.3261217948717949 0.5884615384615385 0.07275641025641026 0.10480769230769231
2 0.3110576923076923 0.6878605769230769 0.07147435897435897 0.037259615384615384
2 0.34294871794871795 0.8522836538461538 0.19935897435897437 0.12572115384615384
2 0.3104166666666667 0.7317307692307693 0.03365384615384615 0.012980769230769231
2 0.28044871794871795 0.28810096153846154 0.02435897435897436 0.03870192307692308
2 0.4653846153846154 0.33485576923076926 0.023717948717948717 0.020673076923076922
2 0.14038461538461539 0.14975961538461538 0.04551282051282051 0.04278846153846154
2 0.6767628205128206 0.36105769230769236 0.04326923076923077 0.10865384615384616
