2 0.08685897435897436 0.30625 0.12371794871794872 0.17932692307692308
2 0.1767628205128205 0.2592548076923077 0.03942307692307692 0.06995192307692308
2 0.20785256410256409 0.32355769230769227 0.03493589743589744 0.07019230769230769
2 0.7134615384615384 0.5400240384615385 0.14807692307692308 0.22139423076923076
2 0.4791666666666667 0.6986778846153846 0.08076923076923077 0.1266826923076923
2 0.5498397435897436 0.6949519230769231 0.055448717948717946 0.0375
2 0.40737179487179487 0.7123798076923077 0.01987179487179487 0.02956730769230769
2 0.3823717948717949 0.6530048076923077 0.01858974358974359 0.036298076923076926
2 0.3823717948717949 0.6778846153846154 0.023076923076923078 0.041346153846153845
2 0.3379807692307692 0.6687500000000001 0.041346153846153845 0.051923076923076926
2 0.32676282051282046 0.6223557692307693 0.014423076923076924 0.03076923076923077
2 0.39230769230769236 0.5949519230769231 0.01858974358974359 0.012980769230769231
2 0.484775641025641 0.5842548076923078 0.0342948717948718 0.07043269230769231
2 0.41971153846153847 0.5254807692307693 0.033012820512820513 0.01875
2 0.5998397435897437 0.428125 0.041346153846153845 0.03942307692307692
2 0.8403846153846154 0.4717548076923077 0.03461538461538462 0.06610576923076923
2 0.9192307692307692 0.4816105769230769 0.026282051282051282 0.05552884615384615
