2 0.4004807692307692 0.6848557692307693 0.07596153846153846 0.15384615384615385
2 0.41794871794871796 0.7641826923076923 0.08141025641025641 0.12692307692307692
2 0.35352564102564105 0.7861778846153846 0.027564102564102563 0.06995192307692308
2 0.3942307692307692 0.8742788461538462 0.06794871794871794 0.09182692307692308
2 0.3778846153846154 0.9197115384615385 0.022435897435897436 0.05673076923076923
2 0.35865384615384616 0.9268028846153845 0.01730769230769231 0.042548076923076925
2 0.2610576923076923 0.8661057692307692 0.01891025641025641 0.04567307692307692
2 0.6935897435897437 0.2061298076923077 0.09615384615384616 0.16995192307692308
2 0.4625 0.20180288461538462 0.05 0.078125
2 0.4543269230769231 0.2516826923076923 0.011858974358974358 0.02548076923076923
2 0.3810897435897436 0.22788461538461538 0.01730769230769231 0.027884615384615386
2 0.13493589743589743 0.1796875 0.022435897435897436 0.03341346153846154
2 0.11666666666666665 0.20192307692307693 0.01858974358974359 0.010576923076923078
2 0.1753205128205128 0.1936298076923077 0.01858974358974359 0.018028846153846152
