2 0.5216346153846154 0.4925480769230769 0.20096153846153847 0.37932692307692306
2 0.42051282051282046 0.6455528846153846 0.2724358974358974 0.42956730769230766
2 0.6091346153846154 0.3610576923076923 0.040705128205128206 0.05432692307692308
2 0.8842948717948719 0.125 0.04935897435897436 0.08942307692307692
2 0.803525641025641 0.06370192307692307 0.08012820512820513 0.12692307692307692
2 0.9405448717948718 0.16430288461538461 0.05993589743589744 0.08052884615384616
2 0.8416666666666667 0.7903846153846154 0.11217948717948718 0.17932692307692308
0 0.7173076923076923 0.8242788461538462 0.12371794871794872 0.22067307692307692
2 0.7979166666666666 0.8668269230769231 0.07724358974358975 0.09375
2 0.8491987179487179 0.9661057692307692 0.061217948717948716 0.0673076923076923
2 0.8459935897435897 0.9091346153846154 0.05673076923076923 0.04903846153846154
2 0.6299679487179487 0.08798076923076922 0.06570512820512821 0.10913461538461539
