2 0.26057692307692304 0.18617788461538462 0.1717948717948718 0.20120192307692308
2 0.1798076923076923 0.46165865384615384 0.06538461538461539 0.08966346153846154
2 0.4073717948717949 0.6030048076923077 0.08012820512820513 0.1362980769230769
2 0.4560897435897436 0.5962740384615385 0.04038461538461539 0.051201923076923075
2 0.3854166666666667 0.5316105769230769 0.05929487179487179 0.03485576923076923
2 0.022435897435897436 0.3618990384615385 0.04487179487179487 0.07860576923076923
2 0.8065705128205128 0.29675480769230766 0.14134615384615384 0.19014423076923076
2 0.6480769230769231 0.3540865384615385 0.058333333333333334 0.0798076923076923
2 0.6147435897435898 0.7717548076923078 0.04935897435897436 0.05889423076923077
2 0.5392628205128205 0.9585336538461539 0.1310897435897436 0.08245192307692308
2 0.885576923076923 0.3735576923076923 0.08141025641025641 0.16682692307692307
2 0.9528846153846153 0.40240384615384617 0.09358974358974359 0.10048076923076923
