2 0.3786858974358974 0.5512019230769231 0.14006410256410257 0.2668269230769231
2 0.24182692307692308 0.37427884615384616 0.06442307692307692 0.09182692307692308
2 0.27115384615384613 0.4269230769230769 0.07564102564102564 0.1605769230769231
2 0.2391025641025641 0.32872596153846156 0.028846153846153848 0.062259615384615385
2 0.5280448717948718 0.3141826923076923 0.04262820512820513 0.10721153846153846
2 0.5810897435897436 0.2316105769230769 0.058333333333333334 0.14302884615384615
2 0.5442307692307692 0.13810096153846155 0.09166666666666666 0.115625
2 0.7173076923076923 0.14615384615384613 0.12692307692307692 0.19134615384615383
2 0.266025641025641 0.7924278846153846 0.10064102564102564 0.11802884615384615
2 0.29919871794871794 0.6129807692307693 0.04519230769230769 0.09711538461538462
