0 0.47788461538461535 0.5085336538461538 0.20448717948717948 0.4237980769230769
2 0.22532051282051282 0.5015625 0.04807692307692308 0.09927884615384615
2 0.18926282051282053 0.8711538461538462 0.07275641025641026 0.20336538461538461
2 0.2623397435897436 0.8091346153846154 0.025961538461538463 0.06346153846153846
2 0.41907051282051283 0.8686298076923077 0.06570512820512821 0.16514423076923077
2 0.4705128205128205 0.7861778846153846 0.011538461538461539 0.03485576923076923
2 0.5491987179487179 0.7768028846153846 0.029166666666666667 0.027644230769230768
2 0.7698717948717948 0.5173076923076924 0.09166666666666666 0.2644230769230769
2 0.8291666666666666 0.3762019230769231 0.026282051282051282 0.06346153846153846
2 0.9504807692307693 0.22872596153846153 0.03621794871794872 0.11370192307692308
2 0.5573717948717949 0.6549278846153845 0.07115384615384615 0.18822115384615384
2 0.1203525641025641 0.8443509615384616 0.0625 0.24158653846153846
2 0.2923076923076923 0.6522836538461538 0.02435897435897436 0.03870192307692308
2 0.2528846153846154 0.6287259615384616 0.021794871794871794 0.03245192307692308
2 0.41907051282051283 0.31983173076923077 0.0625 0.090625
2 0.9118589743589743 0.39615384615384613 0.023076923076923078 0.04375
