19772 796 319 1001 834
19772 669 1433 1010 2174
19772 1714 3198 1814 3442
19772 2355 2684 2491 2952
19772 2472 2629 2531 2798
19772 2946 1797 3051 2088
19772 2972 1188 3072 1515
19772 2982 1425 3119 1657
19772 1484 3447 1549 3589
19772 1220 3764 1267 3863
19772 989 3890 1128 4111
19772 810 3740 862 3871
19772 731 3643 817 3786
19772 664 3678 766 3909
19772 530 3503 639 3818
19772 578 3624 693 3911
19772 213 2166 445 2670
19772 577 1550 764 1981
19772 908 3418 998 3457
19772 221 3333 383 3608
19772 203 3534 350 3787
