0 0.5862179487179486 0.61875 0.25769230769230766 0.41634615384615387
2 0.7181089743589744 0.5004807692307692 0.1342948717948718 0.14423076923076922
2 0.7024038461538462 0.9128605769230769 0.11955128205128206 0.17379807692307692
2 0.7879807692307692 0.9056490384615384 0.1951923076923077 0.18822115384615384
2 0.3241987179487179 0.5704326923076923 0.07147435897435897 0.10048076923076923
2 0.2584935897435897 0.5991586538461539 0.05993589743589744 0.053125
2 0.20849358974358975 0.6674278846153846 0.04391025641025641 0.07620192307692308
2 0.09310897435897436 0.528125 0.055448717948717946 0.0798076923076923
2 0.2153846153846154 0.10925480769230769 0.22435897435897437 0.2141826923076923
2 0.8681089743589744 0.47415865384615385 0.04391025641025641 0.065625
2 0.18301282051282053 0.6242788461538461 0.025 0.03798076923076923
