0 0.34294871794871795 0.5616586538461539 0.28974358974358977 0.378125
2 0.48493589743589743 0.20252403846153844 0.17756410256410257 0.2545673076923077
2 0.24599358974358976 0.07247596153846154 0.1189102564102564 0.1449519230769231
2 0.3798076923076923 0.25060096153846156 0.2794871794871795 0.4012019230769231
2 0.12227564102564102 0.6060096153846154 0.03108974358974359 0.032692307692307694
2 0.1278846153846154 0.5549278846153846 0.025 0.031009615384615385
2 0.09246794871794871 0.5018028846153846 0.041987179487179484 0.04735576923076923
2 0.1310897435897436 0.47872596153846153 0.046153846153846156 0.030528846153846153
2 0.17596153846153847 0.4736778846153846 0.026923076923076925 0.036298076923076926
2 0.0998397435897436 0.5924278846153846 0.0342948717948718 0.028125
2 0.17419871794871794 0.63125 0.01955128205128205 0.029326923076923077
2 0.05496794871794872 0.5171875 0.016346153846153847 0.024759615384615383
