2 0.22868589743589746 0.5855769230769231 0.0842948717948718 0.13125
0 0.30288461538461536 0.6397836538461539 0.07564102564102564 0.11033653846153846
2 0.9485576923076924 0.6799278846153847 0.10224358974358974 0.2502403846153846
2 0.8849358974358974 0.7528846153846154 0.07115384615384615 0.2076923076923077
2 0.5166666666666667 0.7635817307692307 0.07115384615384615 0.06129807692307692
2 0.128525641025641 0.0998798076923077 0.1282051282051282 0.09495192307692307
2 0.2136217948717949 0.25733173076923077 0.05993589743589744 0.090625
2 0.13349358974358974 0.3424278846153846 0.06570512820512821 0.07572115384615384
0 0.5711538461538461 0.15 0.052564102564102565 0.09951923076923076
0 0.7310897435897437 0.2706730769230769 0.035256410256410256 0.07307692307692308
2 0.2798076923076923 0.3423076923076923 0.03205128205128205 0.03125
0 0.8586538461538461 0.32680288461538465 0.017948717948717947 0.03485576923076923
2 0.7929487179487179 0.3105769230769231 0.01987179487179487 0.04230769230769231
2 0.7697115384615384 0.30300480769230764 0.013141025641025641 0.031490384615384615
2 0.4078525641025641 0.41923076923076924 0.03108974358974359 0.03076923076923077
