0 0.5623397435897436 0.6516826923076923 0.2618589743589744 0.41634615384615387
2 0.697275641025641 0.5598557692307692 0.18493589743589745 0.3918269230769231
0 0.7737179487179487 0.5009615384615385 0.04935897435897436 0.13221153846153846
2 0.25737179487179485 0.48173076923076924 0.09166666666666666 0.1293269230769231
2 0.40560897435897436 0.4360576923076923 0.05096153846153846 0.07211538461538461
2 0.1267628205128205 0.46165865384615384 0.041346153846153845 0.046875
2 0.027243589743589744 0.5248798076923077 0.05384615384615385 0.11081730769230769
2 0.5392628205128205 0.41057692307692306 0.22147435897435896 0.3235576923076923
2 0.12804487179487178 0.20865384615384616 0.08173076923076923 0.10480769230769231
2 0.06923076923076923 0.22115384615384615 0.06025641025641026 0.07067307692307692
0 0.6211538461538462 0.4305288461538461 0.03653846153846154 0.03701923076923077
