2 0.08733974358974358 0.5493990384615385 0.17467948717948717 0.07524038461538461
2 0.05544871794871795 0.6467548076923076 0.07243589743589744 0.090625
2 0.24919871794871795 0.5522836538461539 0.09647435897435898 0.05456730769230769
2 0.353525641025641 0.6506009615384616 0.17051282051282052 0.20120192307692308
1 0.4623397435897436 0.6086538461538461 0.17083333333333334 0.19230769230769232
2 0.6886217948717949 0.26105769230769227 0.08878205128205129 0.15817307692307692
2 0.5855769230769231 0.18377403846153845 0.12243589743589743 0.06995192307692308
2 0.8048076923076923 0.15468749999999998 0.07756410256410257 0.17475961538461537
2 0.7168269230769231 0.38112980769230764 0.03173076923076923 0.031971153846153844
2 0.7067307692307692 0.4567307692307692 0.020512820512820513 0.03365384615384615
2 0.5104166666666666 0.4361778846153846 0.022115384615384617 0.046875
2 0.6565705128205128 0.42620192307692306 0.022756410256410255 0.035576923076923075
2 0.8649038461538461 0.3123798076923077 0.03173076923076923 0.03822115384615385
2 0.7778846153846154 0.34675480769230765 0.01217948717948718 0.021875
2 0.7709935897435898 0.3317307692307692 0.00608974358974359 0.023557692307692307
2 0.14599358974358975 0.2512019230769231 0.041987179487179484 0.041346153846153845
2 0.058012820512820515 0.3717548076923077 0.04487179487179487 0.011778846153846154
2 0.03782051282051282 0.9263221153846154 0.07564102564102564 0.12139423076923077
2 0.9748397435897437 0.09675480769230768 0.038141025641025644 0.05889423076923077
