1 0.4030448717948718 0.3786057692307692 0.33942307692307694 0.3778846153846154
0 0.680448717948718 0.5919471153846154 0.1685897435897436 0.17139423076923077
2 0.4254807692307693 0.7411057692307692 0.0810897435897436 0.17932692307692308
2 0.5267628205128205 0.7504807692307692 0.04519230769230769 0.03798076923076923
2 0.43349358974358976 0.09170673076923078 0.0919871794871795 0.1762019230769231
2 0.17115384615384616 0.3905048076923077 0.10064102564102564 0.23389423076923077
2 0.6673076923076923 0.3954326923076923 0.058333333333333334 0.11057692307692307
2 0.8153846153846154 0.47415865384615385 0.04230769230769231 0.03822115384615385
2 0.7966346153846153 0.203125 0.06698717948717949 0.075
2 0.8717948717948718 0.13858173076923075 0.05128205128205128 0.09495192307692307
