1 0.5142628205128206 0.5506009615384615 0.3176282051282051 0.536298076923077
2 0.1717948717948718 0.6097355769230769 0.2826923076923077 0.6478365384615384
2 0.7190705128205128 0.35552884615384617 0.030448717948717948 0.05673076923076923
2 0.9485576923076923 0.3236778846153846 0.0907051282051282 0.1420673076923077
2 0.6504807692307691 0.32427884615384617 0.030448717948717948 0.06682692307692308
2 0.24615384615384614 0.9356971153846154 0.07884615384615384 0.12235576923076923
2 0.5899038461538462 0.28677884615384613 0.03173076923076923 0.03942307692307692
2 0.6972756410256411 0.3917067307692308 0.03365384615384615 0.07860576923076923
2 0.8823717948717948 0.11298076923076923 0.021794871794871794 0.04807692307692308
2 0.9871794871794871 0.1185096153846154 0.025 0.061057692307692306
