2 0.2879807692307692 0.13858173076923078 0.06570512820512821 0.12379807692307693
2 0.2690705128205128 0.43353365384615383 0.1092948717948718 0.178125
2 0.5653846153846154 0.7980769230769231 0.03205128205128205 0.058653846153846154
2 0.7766025641025641 0.6774038461538462 0.04358974358974359 0.06442307692307692
2 0.8017628205128204 0.6522836538461538 0.01891025641025641 0.040625
2 0.9610576923076923 0.4669471153846154 0.03365384615384615 0.06995192307692308
2 0.9685897435897435 0.3248798076923077 0.03205128205128205 0.07860576923076923
2 0.977724358974359 0.3704326923076923 0.04391025641025641 0.05576923076923077
2 0.4860576923076923 0.8456730769230769 0.020833333333333332 0.03413461538461538
2 0.3985576923076923 0.9167067307692308 0.015064102564102564 0.023798076923076922
2 0.3392628205128205 0.9616586538461539 0.04455128205128205 0.053125
2 0.267948717948718 0.9147836538461539 0.016666666666666666 0.031490384615384615
2 0.24807692307692308 0.8929086538461539 0.027564102564102563 0.034375
2 0.22916666666666666 0.9118990384615384 0.032692307692307694 0.05552884615384615
2 0.1873397435897436 0.8799278846153845 0.03493589743589744 0.07572115384615384
2 0.20368589743589743 0.9056490384615384 0.03685897435897436 0.06899038461538462
2 0.10544871794871793 0.58125 0.07435897435897436 0.12115384615384615
2 0.21490384615384617 0.4243990384615385 0.05993589743589744 0.10360576923076924
2 0.305448717948718 0.8263221153846153 0.028846153846153848 0.009375
2 0.0967948717948718 0.8342548076923076 0.051923076923076926 0.06610576923076923
2 0.08862179487179488 0.8799278846153846 0.047115384615384615 0.06081730769230769
