0 0.3823717948717949 0.6550480769230769 0.08846153846153847 0.10240384615384615
0 0.6341346153846154 0.5966346153846154 0.06570512820512821 0.07596153846153846
2 0.43365384615384617 0.6072115384615385 0.028205128205128206 0.04903846153846154
2 0.4479166666666667 0.6016826923076923 0.01955128205128205 0.032692307692307694
2 0.5217948717948718 0.6617788461538462 0.11474358974358974 0.16009615384615383
1 0.3703525641025641 0.7554086538461539 0.1483974358974359 0.0733173076923077
2 0.7661858974358975 0.7030048076923077 0.18237179487179486 0.22764423076923077
2 0.8681089743589744 0.6405048076923077 0.06185897435897436 0.13581730769230768
2 0.7379807692307692 0.5842548076923078 0.0733974358974359 0.07860576923076923
2 0.6092948717948719 0.5087740384615385 0.05512820512820513 0.05889423076923077
0 0.5011217948717949 0.7662259615384616 0.12275641025641025 0.065625
