2 0.4604166666666667 0.24302884615384615 0.14583333333333334 0.2360576923076923
2 0.16602564102564102 0.46370192307692304 0.029487179487179487 0.041826923076923074
2 0.4030448717948718 0.5385817307692308 0.06570512820512821 0.084375
2 0.5310897435897436 0.7485576923076923 0.12371794871794872 0.2326923076923077
2 0.6134615384615385 0.6867788461538462 0.11089743589743589 0.17692307692307693
2 0.5336538461538461 0.6217548076923077 0.04807692307692308 0.04927884615384615
2 0.266025641025641 0.7528846153846154 0.1294871794871795 0.24375
2 0.18044871794871797 0.7104567307692308 0.08461538461538462 0.11370192307692308
2 0.8448717948717949 0.5048076923076923 0.07564102564102564 0.08413461538461539
2 0.9727564102564102 0.6774038461538462 0.05384615384615385 0.08605769230769231
0 0.8166666666666667 0.3393028846153846 0.1967948717948718 0.06995192307692308
