2 0.5479166666666667 0.6692307692307692 0.058012820512820515 0.13557692307692307
2 0.6905448717948718 0.6162259615384615 0.06442307692307692 0.13870192307692308
2 0.5349358974358974 0.7698317307692308 0.052564102564102565 0.09399038461538461
2 0.6003205128205128 0.7135817307692308 0.04935897435897436 0.13004807692307693
2 0.04535256410256411 0.5835336538461537 0.046474358974358976 0.10600961538461538
2 0.3903846153846154 0.9647836538461538 0.06987179487179487 0.062259615384615385
2 0.7487179487179487 0.5099759615384616 0.026282051282051282 0.05360576923076923
2 0.632371794871795 0.3986778846153846 0.04358974358974359 0.053125
2 0.45224358974358975 0.496875 0.021794871794871794 0.03125
2 0.46746794871794867 0.49242788461538456 0.014423076923076924 0.031971153846153844
2 0.4948717948717949 0.496875 0.016666666666666666 0.03076923076923077
2 0.2248397435897436 0.4254807692307692 0.01955128205128205 0.03942307692307692
2 0.29807692307692313 0.3697115384615385 0.016025641025641024 0.036057692307692304
2 0.26169871794871796 0.340625 0.03108974358974359 0.0375
