2 0.5278846153846154 0.15817307692307692 0.07435897435897436 0.13125
2 0.5160256410256411 0.5193509615384616 0.06987179487179487 0.11370192307692308
0 0.47307692307692306 0.5379807692307692 0.06602564102564103 0.07932692307692307
2 0.4466346153846154 0.553125 0.0516025641025641 0.05721153846153846
2 0.5498397435897436 0.590985576923077 0.05352564102564102 0.11947115384615385
2 0.6272435897435897 0.54375 0.05128205128205128 0.10625
2 0.6592948717948718 0.6786057692307692 0.05576923076923077 0.046153846153846156
2 0.28782051282051285 0.7034855769230769 0.08012820512820513 0.11129807692307692
2 0.3924679487179487 0.8461538461538461 0.0516025641025641 0.13125
2 0.3110576923076923 0.8768028846153846 0.06057692307692308 0.109375
2 0.5197115384615384 0.7504807692307692 0.011217948717948718 0.01826923076923077
2 0.6459935897435897 0.6861778846153846 0.023397435897435898 0.025240384615384616
2 0.6011217948717948 0.4022836538461539 0.04903846153846154 0.10024038461538462
2 0.5661858974358974 0.4909855769230769 0.05993589743589744 0.08966346153846154
2 0.9049679487179487 0.38353365384615384 0.16826923076923078 0.1449519230769231
2 0.6291666666666667 0.2736778846153846 0.026282051282051282 0.028125
2 0.4810897435897436 0.2498798076923077 0.03205128205128205 0.030048076923076924
2 0.1891025641025641 0.7585336538461539 0.046794871794871795 0.10168269230769231
