2 0.16233974358974357 0.5018028846153846 0.05352564102564102 0.09831730769230769
2 0.3698717948717949 0.5948317307692307 0.046794871794871795 0.071875
2 0.4080128205128205 0.6123798076923077 0.046153846153846156 0.0920673076923077
2 0.42115384615384616 0.6655048076923077 0.04935897435897436 0.08197115384615385
2 0.6528846153846154 0.6698317307692307 0.11346153846153846 0.14302884615384615
2 0.6073717948717949 0.6986778846153846 0.035256410256410256 0.06129807692307692
2 0.7729166666666667 0.5400240384615385 0.05673076923076923 0.07860576923076923
2 0.692948717948718 0.5729567307692308 0.03333333333333333 0.03245192307692308
2 0.6447115384615385 0.43365384615384617 0.05096153846153846 0.09326923076923077
2 0.6878205128205128 0.25997596153846153 0.07564102564102564 0.08870192307692308
2 0.5017628205128205 0.36742788461538467 0.038141025641025644 0.061778846153846156
2 0.4878205128205128 0.3955528846153846 0.02435897435897436 0.031490384615384615
2 0.4080128205128205 0.17031249999999998 0.05705128205128205 0.08533653846153846
2 0.4274038461538462 0.24483173076923076 0.05352564102564102 0.071875
2 0.44407051282051285 0.3012019230769231 0.05096153846153846 0.08317307692307692
2 0.7205128205128205 0.15685096153846154 0.04807692307692308 0.05600961538461539
2 0.6705128205128206 0.31310096153846156 0.05705128205128205 0.07139423076923077
2 0.6873397435897436 0.2943509615384615 0.046474358974358976 0.042548076923076925
