2 0.24615384615384617 0.359375 0.06987179487179487 0.1125
2 0.27740384615384617 0.5967548076923077 0.0625 0.10745192307692308
2 0.2173076923076923 0.6074519230769231 0.07564102564102564 0.11057692307692307
2 0.08862179487179488 0.6185096153846154 0.1310897435897436 0.2567307692307692
2 0.16618589743589746 0.5747596153846154 0.038141025641025644 0.06442307692307692
2 0.30096153846153845 0.47920673076923076 0.03076923076923077 0.07427884615384615
2 0.3391025641025641 0.44182692307692306 0.04935897435897436 0.13990384615384616
2 0.7166666666666667 0.26490384615384616 0.04935897435897436 0.09182692307692308
2 0.6272435897435897 0.43798076923076923 0.07756410256410257 0.06682692307692308
2 0.18990384615384615 0.3567307692307692 0.07147435897435897 0.17067307692307693
