2 0.26794871794871794 0.2247596153846154 0.13141025641025642 0.20192307692307693
2 0.17051282051282052 0.4280048076923077 0.09871794871794871 0.08870192307692308
2 0.4879807692307692 0.4703125 0.22147435897435896 0.40216346153846155
2 0.3567307692307692 0.7730769230769231 0.1076923076923077 0.13317307692307692
2 0.44919871794871796 0.7330528846153846 0.033012820512820513 0.09495192307692307
2 0.6166666666666667 0.5792067307692308 0.03076923076923077 0.08629807692307692
2 0.7017628205128206 0.4580528846153846 0.04519230769230769 0.07427884615384615
2 0.8485576923076924 0.5161057692307692 0.03942307692307692 0.04807692307692308
2 0.5105769230769232 0.7042067307692308 0.03653846153846154 0.05456730769230769
2 0.3498397435897436 0.8778846153846154 0.049679487179487176 0.08076923076923077
