19772 2096 2412 2326 2849
19772 2650 2020 2840 2379
19772 1713 2748 1815 2825
19772 1763 2726 1831 2759
19772 1430 2346 1677 2759
19772 1293 2227 1463 2404
19772 1180 2193 1284 2445
19772 1191 2232 1234 2359
19772 1014 2150 1184 2514
19772 940 2044 1122 2317
19772 2333 2479 2370 2590
19772 2233 1871 2375 1996
19772 2184 1613 2413 1803
19772 2084 1675 2146 1744
19772 259 1180 372 1403
19772 922 1292 969 1391
19772 890 1346 958 1456
19772 1020 1240 1077 1349
19772 2151 1346 2216 1419
19772 2213 1370 2279 1448
19772 2210 1405 2238 1475
19772 2143 1405 2197 1465
19772 2204 1545 2229 1626
19772 2295 1424 2317 1481
19772 2272 1198 2309 1270
19772 360 1768 415 1867
